Run semi-empirical minimization
 &qmmm
    qm_theory='AM1', grms_tol=0.0005,
 scfconv=1.d-10, ndiis_attempts=700,   qmcharge=1,
 /
   6    C1        2.6520       -5.4700        7.3660 
   7    N1        3.5400       -4.8930        8.3460 
   8    O1        2.4120       -3.5020        5.9660 
   6    C2        2.6620       -4.7220        6.0070 
   7    N2       -0.2710       -8.2430        8.3990 
   8    O2        0.8260       -6.6230        3.5810 
   6    C3        1.1890       -5.4640        7.8490 
   7    N3       -2.5370       -7.9540        7.6520 
   8    O3       -1.8340       -6.4510       -2.0580 
   6    C4        0.2650       -6.2510        6.9440 
   7    N4       -2.0970       -8.6940        9.8690 
   8    O4       -3.1410       -4.0050       -6.1940 
   6    C5        0.3170       -7.7580        7.1680 
   7    N5        2.9640       -5.4520        4.8750 
   8    O5       -7.3340       -4.2510       -2.8660 
   6    C6       -1.6340       -8.2810        8.6330 
   7    N6        0.4390       -4.7170        2.3650 
   8    O6       -8.1650       -5.9860       -3.9570 
   6    C7        2.6360       -4.9790        3.5500 
   7    N7       -0.0430       -4.9200       -0.5080 
   8    O7       -4.6310       -8.0730       -8.0310 
   6    C8        1.2290       -5.5170        3.1450 
   7    N8       -2.1870       -4.7360       -3.5380 
   8    O8       -5.1760       -9.4820      -11.8900 
   6    C9        3.6650       -5.4250        2.4860 
   7    N9       -3.1360       -6.2770       -6.5140 
   6   C10        3.3430       -4.7960        1.1450 
   7   N10       -4.5610       -6.6990       -9.8730 
   6   C11        5.0690       -5.0450        2.9080 
   7   N11       -4.0080       -7.6750      -12.6230 
   6   C12       -0.8470       -5.1480        1.8530 
   6   C13       -1.1130       -4.6080        0.4180 
   6   C14       -2.0350       -4.7060        2.7250 
   6   C15       -2.1350       -5.4730        4.0360 
   6   C16       -3.1930       -4.8470        4.9200 
   6   C17       -2.4390       -6.9390        3.7990 
   6   C18       -0.3270       -4.5390       -1.8820 
   6   C19       -1.5070       -5.3300       -2.5020 
   6   C20        0.9130       -4.7420       -2.7730 
   6   C21        0.8070       -4.0350       -4.0780 
   6   C22        0.9210       -4.7520       -5.2750 
   6   C23        0.6520       -2.6440       -4.1250 
   6   C24        0.8740       -4.0880       -6.5000 
   6   C25        0.6040       -1.9820       -5.3520 
   6   C26        0.7140       -2.7040       -6.5400 
   6   C27       -3.3090       -5.3680       -4.1890 
   6   C28       -3.1950       -5.1560       -5.7200 
   6   C29       -4.6670       -4.7910       -3.7450 
   6   C30       -5.7910       -5.7370       -4.1030 
   6   C31       -7.0960       -5.2290       -3.5810 
   6   C32       -3.0580       -6.2020       -7.9510 
   6   C33       -4.1620       -7.0740       -8.6080 
   6   C34       -1.7170       -6.6830       -8.5100 
   6   C35       -5.5390       -7.4380      -10.6360 
   6   C36       -4.8920       -8.2770      -11.7640 
   6   C37       -6.6270       -6.5320      -11.2390 
   6   C38       -7.7520       -7.3320      -11.8630 
   6   C39       -7.6350       -7.4220      -13.3720 
   6   C40       -8.7950       -8.1800      -13.9680 
   1    H1       -4.1560       -4.7320        4.3860 
   1    H2       -2.9770       -4.8270        2.1520 
   1    H3        2.5720       -3.8780        3.5240 
   1    H4        5.3990       -5.6360        3.7900 
   1    H5       -2.0670       -5.0300        0.0720 
   1    H6       -3.2380       -5.1600       -8.3020 
   1    H7       -1.9190       -3.6160        2.9320 
   1    H8        1.1120       -5.8240       -2.9290 
   1    H9        0.9290       -4.6500       -7.4200 
   1   H10        0.7180       -0.9530       -5.6220 
   1   H11       -8.9320       -5.5050       -3.6570 
   1   H12       -1.5350       -7.7430       -8.2290 
   1   H13       -6.6850       -7.9170      -13.6710 
   1   H14       -1.7540       -7.3720        3.0530 
   1   H15       -3.4670       -7.0560        3.4130 
   1   H16       -0.1590       -8.2580        6.3040 
   1   H17       -3.4130       -8.3070      -13.1140 
   1   H18       -9.6100       -8.3230      -13.2240 
   1   H19        0.6570       -2.1960       -7.4920 
   1   H20        2.7180       -3.8850        1.2220 
   1   H21        2.7740       -5.5050        0.5060 
   1   H22       -8.4580       -9.1730      -14.3340 
   1   H23        2.9690       -6.5230        7.1660 
   1   H24        5.1410       -3.9780        3.1810 
   1   H25       -4.8470       -3.7820       -4.1780 
   1   H26        1.3760       -8.0660        7.1480 
   1   H27       -0.8300       -6.2500        1.7110 
   1   H28        0.8410       -4.4050        7.9120 
   1   H29       -6.1960       -5.7900      -11.9410 
   1   H30        0.4590       -6.0340        5.8780 
   1   H31       -8.7170       -6.8250      -11.6230 
   1   H32       -7.6210       -6.3860      -13.7820 
   1   H33        1.8020       -4.3080       -2.2610 
   1   H34       -2.8650       -3.8290        5.2280 
   1   H35        1.1440       -5.8700        8.8840 
   1   H36        1.0250       -5.8260       -5.2430 
   1   H37       -7.8050       -8.3540      -11.4220 
   1   H38       -0.6200       -3.4580       -1.8820 
   1   H39       -0.7760       -5.8960        7.1310 
   1   H40       -1.2260       -3.5030        0.4770 
   1   H41       -4.6390       -4.6590       -2.6410 
   1   H42        1.1610       -2.3270       -3.2150 
   1   H43       -2.3580       -7.5150        4.7400 
   1   H44       -5.6090       -6.7460       -3.6710 
   1   H45        3.6450       -6.5300        2.3980 
   1   H46       -3.2960       -6.4680       -4.0080 
   1   H47       -3.3640       -5.4510        5.8340 
   1   H48        5.7940       -5.2370        2.0870 
   1   H49       -6.0600       -8.1720       -9.9760 
   1   H50       -5.8790       -5.8390       -5.2110 
   1   H51        4.2590       -4.5010        0.5990 
   1   H52       -0.9050       -6.0610       -8.0760 
   1   H53       -3.6670       -6.7720      -12.3800 
   1   H54       -7.0480       -5.9470      -10.3800 
   1   H55       -9.2190       -7.6350      -14.8400 
   1   H56       -1.1580       -5.3790        4.5620 
   1   H57       -1.6810       -6.5850       -9.6150 
   1   H58        3.7880       -3.9350        8.0980 
   1   H59        4.4600       -5.3480        8.3480 
   1   H60        0.3060       -8.3950        9.2010 
   1   H61       -2.1870       -7.5820        6.8020 
   1   H62       -3.5070       -8.0450        7.8500 
   1   H63       -1.4180       -9.0380       10.5100 
   1   H64       -3.0210       -9.0740        9.9160 
   1   H65        3.1190       -6.4350        4.9210 
   1   H66        0.7280       -3.8020        2.0880 
   1   H67        0.7570       -4.3320       -0.2430 
   1   H68       -1.8430       -3.8690       -3.9230 
   1   H69       -3.1700       -7.1910       -6.1190 
   1   H70       -4.3500       -5.7640      -10.1490 

